0.0762
0.0947
0.0441
0.0601
0.0078
0.0732
0.0897
0.0671
0.0511
0.0079
0.0933
0.0150
0.0819
0.0642
0.0954
0.0927
0.0057
0.0371
0.0982
0.0349
0.0559
0.0904
0.0310
0.0887
0.0599
0.0018
0.0683
0.0552
0.0341
0.0354
0.0935
0.0660
0.0724
0.0821
0.0873
0.0772
0.0192
0.0534
0.0311
0.0892
0.0837
0.0629
0.0045
0.0115
0.0235
0.0518
0.0365
0.0533
0.0607
0.0699
0.0509
0.0436
0.0817
0.0737
0.0519
0.0432
0.0395
0.0563
0.0965
0.0397
0.0980
0.0099
0.0043
0.0893
0.0514
0.0935
0.0978
0.0752
0.0771
0.0904
0.0762
0.0032
0.0756
0.0110
0.0326
0.0015
0.0761
0.0187
0.0192
0.0800
0.0891
0.0636
0.0249
0.0152
0.0742
0.0030
0.0022
0.0559
0.0965
0.0248
0.0558
0.0311
0.0636
0.0463
0.0139
0.0638
0.0328
0.0104
0.0048
0.0341
0.0759
0.0803
0.0969
0.0554
0.0200
0.0614
0.0967
0.0719
0.0183
0.0878
0.0006
0.0242
0.0296
0.0065
0.0916
0.0464
0.0503
0.0491
0.0891
0.0397
0.0957
0.0442
0.0155
0.0596
0.0928
0.0973
0.0039
0.0023
0.0073
0.0899
0.0416
0.0169
0.0233
0.0705
0.0694
0.0645
0.0618
0.0389
0.0573
0.0556
0.0819
0.0849
0.0508
0.0966
0.0174
0.0665
0.0958
0.0943
0.0788
0.0586
0.0404
0.0958
0.0801
0.0565
0.0329
0.0242
0.0483
0.0270
0.0771
0.0658
0.0952
0.0140
0.0816
0.0734
0.0966
0.0721
0.0124
0.0535
0.0167
0.0047
0.0332
0.0388
0.0904
0.0410
0.0617
0.0405
0.0806
0.0239
0.0005
0.0497
0.0423
0.0052
0.0025
0.0451
0.0754
0.0912
0.0068
0.0125
0.0733
0.0280
0.0613
0.0284
0.0419
0.0106
0.0657
0.0971
0.0761
0.0755
0.0261
0.0816
0.0858
0.0083
0.0882
0.0772
0.0489
0.0879
0.0931
0.0854
0.0065
0.0642
0.0179
0.0806
0.0089
0.0933
0.0842
0.0484
0.0991
0.0383
0.0936
0.0837
0.0548
0.0847
0.0527
0.0320
0.0847
0.0505
0.0645
0.0843
0.0128
0.0164
0.0976
0.0492
0.0664
0.0911
0.0244
0.0087
0.0264
0.0678
0.0227
0.0362
0.0112
0.0983
0.0059
0.0619
0.0677
0.0603
0.0812
0.0368
0.0059
0.0766
0.0649
0.0519
0.0269
0.0640
0.0641
0.0351
0.0303
0.0883
0.0182
0.0869
0.0122
0.0007
0.0219
0.0728
0.0522
0.0815
0.0929
0.0477
0.0295
0.0412
0.0231
0.0262
0.0009
0.0081
0.0910
0.0199
0.0984
0.0816
0.0190
0.0002
0.0114
0.0310
0.0840
0.0950
0.0563
0.0685
0.0113
0.0449
0.0514
0.0016
0.0442
0.0962
0.0387
0.0435
0.0011
0.0456
0.0522
0.0490
0.0013
0.0840
0.0351
0.0496
0.0882
0.0268
0.0057
0.0695
0.0149
0.0883
0.0793
0.0502
0.0873
0.0161
0.0780
0.0389
0.0631
0.0530
0.0487
0.0493
0.0074
0.0087
0.0151
0.0096
0.0663
0.0213
0.0197
0.0866
0.0078
0.0642
0.0859
0.0842
0.0598
0.0936
0.0784
0.0464
0.0295
0.0748
0.0432
0.0477
0.0538
0.0949
0.0782
0.0132
0.0371
0.0092
0.0897
0.0418
0.0422
0.0009
0.0933
0.0799
0.0145
0.0752
0.0753
0.0330
0.0844
0.0279
0.0951
0.0257
0.0616
0.0136
0.0439
0.0385
0.0676
0.0680
0.0636
0.0703
0.0485
0.0235
0.0769
0.0821
0.0901
0.0680
0.0820
0.0299
0.0311
0.0739
0.0009
0.0205
0.0016
0.0661
0.0632
0.0159
0.0526
0.0177
0.0488
0.0373
0.0433
0.0556
0.0135
0.0693
0.0679
0.0270
0.0994
0.0114
0.0414
0.0552
0.0903
0.0798
0.0815
0.0996
